9.998E-05 0.9997 9.998E-05 9.998E-05
9.998E-05 0.9997 9.998E-05 9.998E-05
9.998E-05 0.9997 9.998E-05 9.998E-05
9.998E-05 0.9997 9.998E-05 9.998E-05
9.998E-05 0.9997 9.998E-05 9.998E-05
9.998E-05 0.9997 9.998E-05 9.998E-05
9.998E-05 0.9997 9.998E-05 9.998E-05
9.998E-05 0.9997 9.998E-05 9.998E-05
9.998E-05 0.9997 9.998E-05 9.998E-05
9.998E-05 0.9997 9.998E-05 9.998E-05
9.9982E-05 0.677306 0.322494 9.9982E-05
9.99819E-05 0.672989 0.326811 9.99819E-05
9.9982E-05 0.695941 0.303859 9.9982E-05
9.99819E-05 0.670866 0.328934 9.99819E-05
9.99819E-05 0.657414 0.342386 9.99819E-05
9.99819E-05 0.650982 0.348818 9.99819E-05
9.9982E-05 0.666854 0.332946 9.9982E-05
9.9982E-05 0.667187 0.332613 9.9982E-05
9.9982E-05 0.671997 0.327803 9.9982E-05
9.99819E-05 0.670739 0.329061 9.99819E-05
9.9982E-05 0.155458 0.844342 9.9982E-05
9.99819E-05 0.162497 0.837303 9.99819E-05
9.99819E-05 0.141739 0.858061 9.99819E-05
9.99819E-05 0.147832 0.851968 9.99819E-05
9.99819E-05 0.147351 0.852449 9.99819E-05
9.99819E-05 0.131801 0.867999 9.99819E-05
9.99819E-05 0.141162 0.858639 9.99819E-05
9.99819E-05 0.130758 0.869042 9.99819E-05
9.99819E-05 0.127338 0.872462 9.99819E-05
9.99819E-05 0.140066 0.859734 9.99819E-05
9.998E-05 9.998E-05 0.9997 9.998E-05
9.998E-05 9.998E-05 0.9997 9.998E-05
9.998E-05 9.998E-05 0.9997 9.998E-05
9.998E-05 9.998E-05 0.9997 9.998E-05
9.998E-05 9.998E-05 0.9997 9.998E-05
9.998E-05 9.998E-05 0.9997 9.998E-05
9.998E-05 9.998E-05 0.9997 9.998E-05
9.998E-05 9.998E-05 0.9997 9.998E-05
0.00533847 9.9982E-05 0.994462 9.9982E-05
9.998E-05 9.998E-05 0.9997 9.998E-05
0.0299005 0.9699 9.99819E-05 9.99819E-05
0.041582 0.958218 9.99819E-05 9.99819E-05
0.0402362 0.959564 9.99819E-05 9.99819E-05
0.0362328 0.963567 9.9982E-05 9.9982E-05
0.0837962 0.916004 9.9982E-05 9.9982E-05
0.0393279 0.960472 9.9982E-05 9.9982E-05
0.075479 0.924321 9.9982E-05 9.9982E-05
0.0361261 0.963674 9.99819E-05 9.99819E-05
0.0350166 0.964783 9.99819E-05 9.99819E-05
0.0359792 0.963821 9.99819E-05 9.99819E-05
0.0400373 0.754147 0.180112 0.0257045
0.0438844 0.782766 0.160292 0.0130579
0.0441392 0.774768 0.151473 0.0296192
0.0429844 0.697763 0.2185 0.0407526
0.0358429 0.785979 0.155925 0.0222525
0.051901 0.776919 0.159651 0.0115287
0.0420257 0.724512 0.196178 0.0372849
0.0464797 0.721197 0.205595 0.0267283
0.0502263 0.741879 0.193266 0.014629
0.0477493 0.699322 0.211756 0.0411719
0.115593 0.299938 0.470409 0.114059
0.119265 0.281489 0.480584 0.118662
0.083072 0.372013 0.429432 0.115483
0.113051 0.309865 0.469001 0.108083
0.125447 0.277968 0.47522 0.121365
0.120123 0.256037 0.504959 0.118881
0.115342 0.287864 0.488131 0.108662
0.114514 0.298373 0.470255 0.116858
0.12119 0.284439 0.489303 0.105068
0.113826 0.277003 0.496942 0.112229
9.99819E-05 9.99819E-05 0.81798 0.18182
9.99819E-05 9.99819E-05 0.816213 0.183587
9.99819E-05 9.99819E-05 0.816553 0.183247
9.99819E-05 9.99819E-05 0.816427 0.183373
9.9982E-05 9.9982E-05 0.822283 0.177517
9.9982E-05 9.9982E-05 0.810828 0.188972
9.99819E-05 9.99819E-05 0.816615 0.183185
9.99819E-05 9.99819E-05 0.815606 0.184194
9.99819E-05 9.99819E-05 0.81579 0.18401
9.99819E-05 9.99819E-05 0.815885 0.183915
0.997172 0.0026279 9.9982E-05 9.9982E-05
0.994298 0.00550202 9.9982E-05 9.9982E-05
0.997533 0.0022672 9.9982E-05 9.9982E-05
0.994261 0.00553935 9.9982E-05 9.9982E-05
0.991277 0.00852346 9.9982E-05 9.9982E-05
0.995968 0.00383171 9.9982E-05 9.9982E-05
0.999281 0.00051873 9.9982E-05 9.9982E-05
0.9997 9.998E-05 9.998E-05 9.998E-05
0.992787 0.00701333 9.9982E-05 9.9982E-05
0.997935 0.00186509 9.9982E-05 9.9982E-05
0.723108 0.128443 9.999E-05 0.148349
0.736421 0.138879 9.999E-05 0.1246
0.720245 0.137189 9.999E-05 0.142466
0.704921 0.162222 9.999E-05 0.132758
0.712205 0.148993 9.999E-05 0.138702
0.736145 0.135027 9.999E-05 0.128728
0.738084 0.133335 9.999E-05 0.12848
0.688977 0.151698 9.999E-05 0.159224
0.731679 0.138461 9.999E-05 0.12976
0.718904 0.132625 9.999E-05 0.14837
0.12369 0.0242617 0.371662 0.480386
0.125151 0.0260419 0.371679 0.477128
0.123028 0.0260473 0.371175 0.47975
0.122857 0.0249678 0.371343 0.480833
0.121726 0.0281028 0.370393 0.479779
0.124591 0.0257194 0.370303 0.479387
0.12664 0.0277179 0.368044 0.477598
0.125694 0.0229965 0.371471 0.479839
0.124416 0.0226243 0.372083 0.480877
0.119255 0.0243626 0.371983 0.484399
9.999E-05 0.01831 0.0914939 0.890096
9.9991E-05 0.0183572 0.0925868 0.888956
9.9991E-05 0.00970144 0.0898061 0.900392
9.9991E-05 0.0121285 0.0894825 0.898289
9.9991E-05 0.0112509 0.0908273 0.897822
9.999E-05 0.0178478 0.0911031 0.890949
9.999E-05 0.0183411 0.0919025 0.889656
9.9991E-05 0.0205314 0.091988 0.887381
9.999E-05 0.0176564 0.0902207 0.892023
9.999E-05 0.0185059 0.0917782 0.889616
0.991398 9.9982E-05 0.00840155 9.9982E-05
0.993328 9.9982E-05 0.00647163 9.9982E-05
0.9997 9.998E-05 9.998E-05 9.998E-05
0.992622 9.9982E-05 0.00717811 9.9982E-05
0.9997 9.998E-05 9.998E-05 9.998E-05
0.991921 9.9982E-05 0.007879 9.9982E-05
0.9997 9.998E-05 9.998E-05 9.998E-05
0.9997 9.998E-05 9.998E-05 9.998E-05
0.997416 9.9982E-05 0.00238425 9.9982E-05
0.9997 9.998E-05 9.998E-05 9.998E-05
0.933739 9.9982E-05 0.0660614 9.9982E-05
0.929682 9.9991E-05 0.0700941 0.000124117
0.928837 9.9991E-05 0.0688665 0.00219684
0.932987 9.9982E-05 0.066813 9.9982E-05
0.931978 9.9991E-05 0.0650528 0.00286959
0.929678 9.9991E-05 0.0701185 0.00010382
0.933948 9.9991E-05 0.06544 0.000511908
0.930576 9.9991E-05 0.0664525 0.00287151
0.930007 9.9982E-05 0.0697926 9.9982E-05
0.929218 9.9991E-05 0.0639132 0.00676839
0.239554 9.99819E-05 9.99819E-05 0.760246
0.260072 9.99819E-05 9.99819E-05 0.739728
0.238874 9.9982E-05 9.9982E-05 0.760926
0.241936 9.99819E-05 9.99819E-05 0.757864
0.235456 9.99819E-05 9.99819E-05 0.764344
0.247946 9.99819E-05 9.99819E-05 0.751854
0.260422 9.9982E-05 9.9982E-05 0.739378
0.22965 9.99819E-05 9.99819E-05 0.77015
0.239635 9.99819E-05 9.99819E-05 0.760165
0.244347 9.9982E-05 9.9982E-05 0.755453
9.998E-05 9.998E-05 9.998E-05 0.9997
9.998E-05 9.998E-05 9.998E-05 0.9997
9.998E-05 9.998E-05 9.998E-05 0.9997
9.998E-05 9.998E-05 9.998E-05 0.9997
9.998E-05 9.998E-05 9.998E-05 0.9997
9.998E-05 9.998E-05 9.998E-05 0.9997
9.998E-05 9.998E-05 9.998E-05 0.9997
9.998E-05 9.998E-05 9.998E-05 0.9997
9.998E-05 9.998E-05 9.998E-05 0.9997
9.998E-05 9.998E-05 9.998E-05 0.9997
