9.997E-05 9.997E-05 0.9996 9.997E-05 9.997E-05
9.997E-05 9.997E-05 0.9996 9.997E-05 9.997E-05
9.997E-05 9.997E-05 0.9996 9.997E-05 9.997E-05
9.997E-05 9.997E-05 0.9996 9.997E-05 9.997E-05
9.997E-05 9.997E-05 0.9996 9.997E-05 9.997E-05
9.997E-05 9.997E-05 0.9996 9.997E-05 9.997E-05
9.997E-05 9.997E-05 0.9996 9.997E-05 9.997E-05
9.997E-05 9.997E-05 0.9996 9.997E-05 9.997E-05
9.997E-05 9.997E-05 0.9996 9.997E-05 9.997E-05
9.997E-05 9.997E-05 0.9996 9.997E-05 9.997E-05
9.998E-05 0.271691 0.221429 0.50668 9.998E-05
9.99819E-05 0.27226 0.214333 0.513208 9.99819E-05
9.9982E-05 0.247552 0.206437 0.545812 9.9982E-05
9.998E-05 0.275832 0.220943 0.503024 9.998E-05
9.99819E-05 0.289954 0.2048 0.505046 9.99819E-05
9.998E-05 0.296762 0.203659 0.499379 9.998E-05
9.998E-05 0.281061 0.219494 0.499244 9.998E-05
9.998E-05 0.282245 0.220549 0.497006 9.998E-05
9.9982E-05 0.274191 0.207624 0.517984 9.9982E-05
9.998E-05 0.276469 0.218747 0.504584 9.998E-05
9.9982E-05 0.787165 0.0184997 0.194136 9.9982E-05
9.99819E-05 0.786351 0.0208649 0.192584 9.99819E-05
9.99819E-05 0.803404 0.0123469 0.184049 9.99819E-05
9.99819E-05 0.796486 0.0135128 0.189802 9.99819E-05
9.99819E-05 0.796593 0.0124376 0.190769 9.99819E-05
9.99819E-05 0.815842 0.008025 0.175933 9.99819E-05
9.99819E-05 0.802933 0.0106554 0.186212 9.99819E-05
9.99819E-05 0.816995 0.00969223 0.173112 9.99819E-05
9.99819E-05 0.819043 0.00456174 0.176195 9.99819E-05
9.99819E-05 0.806527 0.0106038 0.182669 9.99819E-05
0.00347404 0.996226 9.99729E-05 9.99729E-05 9.99729E-05
0.00520596 0.994494 9.99729E-05 9.99729E-05 9.99729E-05
0.00331554 0.996385 9.99729E-05 9.99729E-05 9.99729E-05
0.00387502 0.995825 9.99729E-05 9.99729E-05 9.99729E-05
9.997E-05 0.9996 9.997E-05 9.997E-05 9.997E-05
9.997E-05 0.9996 9.997E-05 9.997E-05 9.997E-05
0.00515903 0.994541 9.99729E-05 9.99729E-05 9.99729E-05
0.00465151 0.995049 9.99729E-05 9.99729E-05 9.99729E-05
0.0135707 0.986129 9.9973E-05 9.9973E-05 9.9973E-05
0.00370139 0.995999 9.99729E-05 9.99729E-05 9.99729E-05
9.99729E-05 9.99729E-05 0.0673548 0.932345 9.99729E-05
9.99729E-05 9.99729E-05 0.079674 0.920026 9.99729E-05
9.99729E-05 9.99729E-05 0.078113 0.921587 9.99729E-05
9.99729E-05 9.99729E-05 0.0714233 0.928277 9.99729E-05
0.0231433 9.998E-05 0.0496648 0.926992 9.998E-05
9.99729E-05 9.99729E-05 0.0760105 0.92369 9.99729E-05
0.0123544 9.998E-05 0.0446104 0.942835 9.998E-05
9.99729E-05 9.99729E-05 0.0691217 0.930578 9.99729E-05
9.99729E-05 9.99729E-05 0.0694313 0.930269 9.99729E-05
9.99729E-05 9.99729E-05 0.0713324 0.928368 9.99729E-05
9.99729E-05 0.0544438 9.99729E-05 0.945256 9.99729E-05
9.9973E-05 0.0371142 9.9973E-05 0.962586 9.9973E-05
9.99729E-05 0.0360756 9.99729E-05 0.963624 9.99729E-05
9.9982E-05 0.0974522 9.9982E-05 0.901807 0.000540938
9.9973E-05 0.0234707 9.9973E-05 0.976229 9.9973E-05
9.99819E-05 0.0481863 0.0178934 0.93372 9.99819E-05
9.99729E-05 0.0730448 9.99729E-05 0.926655 9.99729E-05
9.99729E-05 0.084082 9.99729E-05 0.915618 9.99729E-05
9.99729E-05 0.0770195 9.99729E-05 0.922681 9.99729E-05
9.9973E-05 0.0786126 9.9973E-05 0.921087 9.9973E-05
0.0400836 0.337012 9.999E-05 0.500142 0.122662
0.0525109 0.3534 9.999E-05 0.460568 0.133421
0.00203136 0.287298 9.9991E-05 0.59196 0.11861
0.0332866 0.328029 9.999E-05 0.524736 0.113849
0.0441542 0.337975 9.999E-05 0.489484 0.128287
0.040176 0.364103 9.999E-05 0.468037 0.127584
0.0376903 0.344824 9.999E-05 0.497261 0.120125
0.0386615 0.335351 9.999E-05 0.500597 0.125291
0.036615 0.343337 9.999E-05 0.508983 0.110965
0.0383162 0.355482 9.999E-05 0.483282 0.12282
9.99729E-05 0.800605 9.99729E-05 9.99729E-05 0.199095
9.99729E-05 0.797904 9.99729E-05 9.99729E-05 0.201796
9.99729E-05 0.798511 9.99729E-05 9.99729E-05 0.201189
9.99729E-05 0.798193 9.99729E-05 9.99729E-05 0.201507
9.99729E-05 0.804422 9.99729E-05 9.99729E-05 0.195278
9.99729E-05 0.793685 9.99729E-05 9.99729E-05 0.206015
9.99729E-05 0.79792 9.99729E-05 9.99729E-05 0.20178
9.99729E-05 0.798863 9.99729E-05 9.99729E-05 0.200837
9.99729E-05 0.79807 9.99729E-05 9.99729E-05 0.20163
9.99729E-05 0.799377 9.99729E-05 9.99729E-05 0.200323
0.956431 9.997E-05 9.997E-05 0.0432695 9.997E-05
0.95421 9.997E-05 9.997E-05 0.0454902 9.997E-05
0.959251 9.997E-05 9.997E-05 0.0404489 9.997E-05
0.953466 9.997E-05 9.997E-05 0.0462345 9.997E-05
0.956145 9.997E-05 9.997E-05 0.0435552 9.997E-05
0.956371 9.997E-05 9.997E-05 0.0433293 9.997E-05
0.962622 9.997E-05 9.997E-05 0.0370785 9.997E-05
0.961584 9.997E-05 9.997E-05 0.0381159 9.997E-05
0.951452 9.997E-05 9.997E-05 0.0482481 9.997E-05
0.958431 9.997E-05 9.997E-05 0.0412689 9.997E-05
0.611804 9.9982E-05 9.9982E-05 0.271522 0.116474
0.62992 9.99819E-05 9.99819E-05 0.272961 0.0969188
0.60643 9.99819E-05 9.99819E-05 0.280986 0.112384
0.60072 9.9982E-05 9.9982E-05 0.296535 0.102545
0.607348 9.99819E-05 9.99819E-05 0.280664 0.111788
0.627072 9.99819E-05 9.99819E-05 0.274459 0.0982686
0.633617 9.99819E-05 9.99819E-05 0.270253 0.0959309
0.579375 9.9982E-05 9.9982E-05 0.294421 0.126004
0.625649 9.99819E-05 9.99819E-05 0.274543 0.0996074
0.607246 9.99819E-05 9.99819E-05 0.276948 0.115606
0.0532151 0.242958 9.999E-05 0.200121 0.503605
0.0559669 0.242805 9.999E-05 0.199315 0.501812
0.0534646 0.242772 9.999E-05 0.201239 0.502425
0.0512915 0.243206 9.999E-05 0.200256 0.505146
0.052554 0.239856 9.999E-05 0.202966 0.504524
0.054508 0.242342 9.999E-05 0.19925 0.5038
0.0544166 0.239766 9.999E-05 0.204203 0.501514
0.0544983 0.241083 9.999E-05 0.201774 0.502545
0.0533162 0.241737 9.999E-05 0.200784 0.504062
0.0511029 0.244745 9.999E-05 0.196873 0.507179
9.99819E-05 0.07676 0.0325271 9.99819E-05 0.890513
9.99819E-05 0.0787838 0.0307388 9.99819E-05 0.890277
9.99819E-05 0.0741017 0.0265789 9.99819E-05 0.899119
9.99819E-05 0.0752309 0.0261198 9.99819E-05 0.898449
9.99819E-05 0.0736678 0.0262695 9.99819E-05 0.899863
9.99819E-05 0.0755018 0.0326923 9.99819E-05 0.891606
9.99819E-05 0.0765631 0.0330838 9.99819E-05 0.890153
9.99819E-05 0.0789268 0.030521 9.99819E-05 0.890352
9.99819E-05 0.0757345 0.0319107 9.99819E-05 0.892155
9.99819E-05 0.0783418 0.0318071 9.99819E-05 0.889651
0.940061 0.00352621 0.0562129 9.9982E-05 9.9982E-05
0.938983 0.00444895 0.0563676 9.9982E-05 9.9982E-05
0.944719 9.9973E-05 0.0549807 9.9973E-05 9.9973E-05
0.940062 0.00189513 0.0578427 9.9982E-05 9.9982E-05
0.957399 9.9973E-05 0.0423012 9.9973E-05 9.9973E-05
0.940853 0.00313004 0.0558169 9.9982E-05 9.9982E-05
0.948898 9.9973E-05 0.0508024 9.9973E-05 9.9973E-05
0.95252 9.9973E-05 0.0471802 9.9973E-05 9.9973E-05
0.946187 9.9973E-05 0.053513 9.9973E-05 9.9973E-05
0.957292 9.9973E-05 0.0424078 9.9973E-05 9.9973E-05
0.919411 0.0707526 0.00677185 9.9991E-05 0.00296445
0.913124 0.0761235 0.00759583 9.9991E-05 0.00305688
0.913788 0.0732222 0.00830214 9.9991E-05 0.00458808
0.919765 0.0698812 0.00683257 9.9991E-05 0.00342125
0.916682 0.0692757 0.00809072 9.9991E-05 0.00585133
0.914075 0.0758307 0.00737774 9.9991E-05 0.00261692
0.918075 0.0717511 0.00685314 9.9991E-05 0.00322113
0.915402 0.0697841 0.00843408 9.9991E-05 0.00627998
0.916101 0.0738751 0.00711083 9.9991E-05 0.00281318
0.914441 0.0676206 0.00997478 9.9991E-05 0.00786399
0.242431 9.99729E-05 9.99729E-05 9.99729E-05 0.757269
0.261041 9.99729E-05 9.99729E-05 9.99729E-05 0.738659
0.24288 9.99729E-05 9.99729E-05 9.99729E-05 0.75682
0.246108 9.99729E-05 9.99729E-05 9.99729E-05 0.753592
0.238604 9.99729E-05 9.99729E-05 9.99729E-05 0.761096
0.250608 9.99729E-05 9.99729E-05 9.99729E-05 0.749092
0.263998 9.99729E-05 9.99729E-05 9.99729E-05 0.735702
0.234055 9.99729E-05 9.99729E-05 9.99729E-05 0.765645
0.242654 9.99729E-05 9.99729E-05 9.99729E-05 0.757046
0.248616 9.99729E-05 9.99729E-05 9.99729E-05 0.751084
9.997E-05 9.997E-05 9.997E-05 9.997E-05 0.9996
9.997E-05 9.997E-05 9.997E-05 9.997E-05 0.9996
9.997E-05 9.997E-05 9.997E-05 9.997E-05 0.9996
9.997E-05 9.997E-05 9.997E-05 9.997E-05 0.9996
9.997E-05 9.997E-05 9.997E-05 9.997E-05 0.9996
9.997E-05 9.997E-05 9.997E-05 9.997E-05 0.9996
9.997E-05 9.997E-05 9.997E-05 9.997E-05 0.9996
9.997E-05 9.997E-05 9.997E-05 9.997E-05 0.9996
9.997E-05 9.997E-05 9.997E-05 9.997E-05 0.9996
9.997E-05 9.997E-05 9.997E-05 9.997E-05 0.9996
