0.196155 9.9991E-05 0.803745
0.20164 9.9991E-05 0.79826
0.199494 9.9991E-05 0.800406
0.200363 9.9991E-05 0.799537
0.195516 9.9991E-05 0.804384
0.196628 9.9991E-05 0.803272
0.210778 9.9991E-05 0.789122
0.195661 9.9991E-05 0.804239
0.195905 9.9991E-05 0.803995
0.200504 9.9991E-05 0.799396
0.0434901 9.9991E-05 0.95641
0.0563987 9.9991E-05 0.943501
0.0648737 9.9991E-05 0.935026
0.0546261 9.9991E-05 0.945274
0.0611274 9.9991E-05 0.938773
0.0573813 9.9991E-05 0.942519
0.0523725 9.9991E-05 0.947528
0.0488407 9.9991E-05 0.951059
0.0512501 9.9991E-05 0.94865
0.0532186 9.9991E-05 0.946681
9.999E-05 9.999E-05 0.9998
9.999E-05 9.999E-05 0.9998
9.999E-05 9.999E-05 0.9998
9.999E-05 9.999E-05 0.9998
9.999E-05 9.999E-05 0.9998
9.999E-05 9.999E-05 0.9998
9.999E-05 9.999E-05 0.9998
9.999E-05 9.999E-05 0.9998
9.999E-05 9.999E-05 0.9998
9.999E-05 9.999E-05 0.9998
9.9991E-05 0.0524334 0.947467
9.9991E-05 0.0522841 0.947616
9.9991E-05 0.0506771 0.949223
9.9991E-05 0.0524876 0.947412
9.9991E-05 0.0568553 0.943045
9.9991E-05 0.0577849 0.942115
9.9991E-05 0.0522952 0.947605
9.9991E-05 0.0513376 0.948562
9.9991E-05 0.0554474 0.944453
9.9991E-05 0.0510019 0.948898
0.266858 9.9991E-05 0.733042
0.285 9.9991E-05 0.7149
0.284186 9.9991E-05 0.715714
0.281513 9.9991E-05 0.718387
0.322654 9.9991E-05 0.677246
0.284114 9.9991E-05 0.715786
0.305165 9.9991E-05 0.694735
0.267427 9.9991E-05 0.732473
0.266578 9.9991E-05 0.733322
0.270232 9.9991E-05 0.729668
0.17822 9.9991E-05 0.82168
0.181705 9.9991E-05 0.818195
0.18976 9.9991E-05 0.81014
0.170243 0.00488803 0.824869
0.178049 9.9991E-05 0.821851
0.187437 9.9991E-05 0.812463
0.178795 9.9991E-05 0.821105
0.180049 9.9991E-05 0.819851
0.18187 9.9991E-05 0.81803
0.181244 0.00510447 0.813651
0.110529 0.16776 0.721711
0.108562 0.179105 0.712332
0.0996885 0.152666 0.747646
0.108904 0.16035 0.730746
0.116939 0.178455 0.704606
0.10077 0.182783 0.716448
0.101706 0.167763 0.730531
0.110335 0.169918 0.719747
0.111151 0.161189 0.727661
0.0977154 0.171531 0.730754
9.9991E-05 0.377511 0.622389
9.9991E-05 0.37996 0.61994
9.9991E-05 0.379639 0.620261
9.9991E-05 0.378228 0.621672
9.9991E-05 0.371801 0.628099
9.9991E-05 0.382901 0.616999
9.9991E-05 0.379436 0.620464
9.9991E-05 0.379918 0.619982
9.9991E-05 0.379119 0.620781
9.9991E-05 0.378117 0.621783
0.9998 9.999E-05 9.999E-05
0.9998 9.999E-05 9.999E-05
0.9998 9.999E-05 9.999E-05
0.9998 9.999E-05 9.999E-05
0.9998 9.999E-05 9.999E-05
0.9998 9.999E-05 9.999E-05
0.9998 9.999E-05 9.999E-05
0.9998 9.999E-05 9.999E-05
0.9998 9.999E-05 9.999E-05
0.9998 9.999E-05 9.999E-05
0.78862 0.14846 0.0629195
0.81285 0.128202 0.0589477
0.78598 0.141101 0.0729187
0.792987 0.133497 0.0735158
0.788208 0.139037 0.0727553
0.810397 0.129369 0.0602341
0.813114 0.12676 0.0601265
0.765024 0.156736 0.0782395
0.80572 0.128218 0.0660619
0.782422 0.145705 0.0718729
0.0771972 0.604555 0.318247
0.0781274 0.601208 0.320664
0.077367 0.601209 0.321424
0.0753072 0.603393 0.3213
0.0754004 0.60251 0.32209
0.0773918 0.602842 0.319766
0.0796874 0.599826 0.320486
0.0771785 0.602737 0.320084
0.0766092 0.603474 0.319917
0.0738803 0.605484 0.320635
9.9991E-05 0.930849 0.0690507
9.9991E-05 0.929167 0.0707326
9.9991E-05 0.940303 0.0595974
9.9991E-05 0.939158 0.0607418
9.9991E-05 0.941525 0.0583745
9.9991E-05 0.934288 0.0656118
9.9991E-05 0.931224 0.068676
9.9991E-05 0.929961 0.0699394
9.9991E-05 0.933437 0.0664629
9.9991E-05 0.930696 0.0692043
0.9998 9.999E-05 9.999E-05
0.9998 9.999E-05 9.999E-05
0.9998 9.999E-05 9.999E-05
0.9998 9.999E-05 9.999E-05
0.9998 9.999E-05 9.999E-05
0.9998 9.999E-05 9.999E-05
0.9998 9.999E-05 9.999E-05
0.9998 9.999E-05 9.999E-05
0.9998 9.999E-05 9.999E-05
0.9998 9.999E-05 9.999E-05
0.935577 0.0534918 0.0109312
0.928662 0.0540046 0.0173335
0.930076 0.0536404 0.0162833
0.934724 0.0534825 0.0117932
0.933747 0.0548639 0.0113896
0.930297 0.0519312 0.0177721
0.93473 0.0527904 0.0124797
0.931188 0.0564322 0.0123802
0.932044 0.0520402 0.0159162
0.931716 0.0579609 0.0103233
0.267122 0.732778 9.9991E-05
0.285112 0.714788 9.9991E-05
0.268757 0.731143 9.9991E-05
0.272059 0.727841 9.9991E-05
0.262255 0.737645 9.9991E-05
0.276414 0.723486 9.9991E-05
0.288963 0.710937 9.9991E-05
0.258838 0.741062 9.9991E-05
0.267139 0.732761 9.9991E-05
0.275177 0.724723 9.9991E-05
9.999E-05 0.9998 9.999E-05
9.999E-05 0.9998 9.999E-05
9.999E-05 0.9998 9.999E-05
9.999E-05 0.9998 9.999E-05
9.999E-05 0.9998 9.999E-05
9.999E-05 0.9998 9.999E-05
9.999E-05 0.9998 9.999E-05
9.999E-05 0.9998 9.999E-05
9.999E-05 0.9998 9.999E-05
9.999E-05 0.9998 9.999E-05
