9.998E-05 9.998E-05 9.998E-05 0.9997
9.998E-05 9.998E-05 9.998E-05 0.9997
9.998E-05 9.998E-05 9.998E-05 0.9997
9.998E-05 9.998E-05 9.998E-05 0.9997
9.998E-05 9.998E-05 9.998E-05 0.9997
9.998E-05 9.998E-05 9.998E-05 0.9997
9.998E-05 9.998E-05 9.998E-05 0.9997
9.998E-05 9.998E-05 9.998E-05 0.9997
9.998E-05 9.998E-05 9.998E-05 0.9997
9.998E-05 9.998E-05 9.998E-05 0.9997
0.324164 9.9982E-05 9.9982E-05 0.675636
0.327994 9.99819E-05 9.99819E-05 0.671806
0.305845 9.9982E-05 9.9982E-05 0.693955
0.329848 9.99819E-05 9.99819E-05 0.669952
0.343762 9.99819E-05 9.99819E-05 0.656039
0.349475 9.99819E-05 9.99819E-05 0.650325
0.333296 9.9982E-05 9.9982E-05 0.666504
0.334073 9.9982E-05 9.9982E-05 0.665727
0.328899 9.9982E-05 9.9982E-05 0.670901
0.330717 9.99819E-05 9.99819E-05 0.669083
0.845418 9.9982E-05 9.9982E-05 0.154382
0.839768 9.99819E-05 9.99819E-05 0.160032
0.858089 9.99819E-05 9.99819E-05 0.141711
0.851489 9.99819E-05 9.99819E-05 0.148311
0.853569 9.99819E-05 9.99819E-05 0.146231
0.868983 9.99819E-05 9.99819E-05 0.130817
0.857675 9.99819E-05 9.99819E-05 0.142125
0.870021 9.99819E-05 9.99819E-05 0.129779
0.871909 9.99819E-05 9.99819E-05 0.127891
0.862183 9.99819E-05 9.99819E-05 0.137617
0.9997 9.998E-05 9.998E-05 9.998E-05
0.9997 9.998E-05 9.998E-05 9.998E-05
0.9997 9.998E-05 9.998E-05 9.998E-05
0.9997 9.998E-05 9.998E-05 9.998E-05
0.9997 9.998E-05 9.998E-05 9.998E-05
0.9997 9.998E-05 9.998E-05 9.998E-05
0.9997 9.998E-05 9.998E-05 9.998E-05
0.9997 9.998E-05 9.998E-05 9.998E-05
0.99622 0.00357994 9.9982E-05 9.9982E-05
0.9997 9.998E-05 9.998E-05 9.998E-05
9.99819E-05 0.0310195 9.99819E-05 0.968781
9.99819E-05 0.0400621 9.99819E-05 0.959738
9.99819E-05 0.0407604 9.99819E-05 0.95904
9.9982E-05 0.0372723 9.9982E-05 0.962528
9.9982E-05 0.0841363 9.9982E-05 0.915664
9.9982E-05 0.0402341 9.9982E-05 0.959566
9.9982E-05 0.0761624 9.9982E-05 0.923638
9.99819E-05 0.0344353 9.99819E-05 0.965365
9.99819E-05 0.0346339 9.99819E-05 0.965166
9.99819E-05 0.0356115 9.99819E-05 0.964189
0.178001 0.0403885 0.0259095 0.755701
0.160972 0.0427705 0.0126685 0.783589
0.150729 0.0430945 0.0306218 0.775555
0.21946 0.0409617 0.0425457 0.697033
0.156857 0.0332045 0.0234659 0.786473
0.160662 0.0502543 0.0126713 0.776412
0.194972 0.0438637 0.0378787 0.723285
0.205415 0.0466601 0.0277304 0.720195
0.192707 0.0529985 0.0138204 0.740474
0.213128 0.0469095 0.0411658 0.698797
0.471669 0.115062 0.113957 0.299312
0.481185 0.119046 0.119873 0.279897
0.430684 0.0829222 0.114994 0.3714
0.471411 0.112803 0.108367 0.307419
0.476689 0.124215 0.123043 0.276052
0.507228 0.12023 0.119598 0.252944
0.487873 0.115753 0.110787 0.285586
0.472559 0.114033 0.115739 0.297669
0.49071 0.121368 0.105726 0.282196
0.498309 0.113084 0.112525 0.276083
0.818805 9.99819E-05 0.180995 9.99819E-05
0.815615 9.99819E-05 0.184185 9.99819E-05
0.817449 9.99819E-05 0.182351 9.99819E-05
0.81599 9.99819E-05 0.18381 9.99819E-05
0.823035 9.9982E-05 0.176765 9.9982E-05
0.813418 9.9982E-05 0.186382 9.9982E-05
0.815235 9.99819E-05 0.184565 9.99819E-05
0.816933 9.99819E-05 0.182867 9.99819E-05
0.816706 9.99819E-05 0.183095 9.99819E-05
0.817041 9.99819E-05 0.182759 9.99819E-05
9.9982E-05 0.996342 9.9982E-05 0.00345772
9.9982E-05 0.993401 9.9982E-05 0.00639905
9.9982E-05 0.998222 9.9982E-05 0.00157809
9.9982E-05 0.993883 9.9982E-05 0.00591714
9.9982E-05 0.992486 9.9982E-05 0.00731355
9.9982E-05 0.996245 9.9982E-05 0.00355544
9.998E-05 0.9997 9.998E-05 9.998E-05
9.998E-05 0.9997 9.998E-05 9.998E-05
9.9982E-05 0.990552 9.9982E-05 0.00924788
9.9982E-05 0.997115 9.9982E-05 0.00268512
9.9991E-05 0.722222 0.148728 0.12895
9.9991E-05 0.734417 0.126026 0.139457
9.9991E-05 0.718326 0.143977 0.137597
9.9991E-05 0.704828 0.133606 0.161466
9.9991E-05 0.709215 0.141096 0.149589
9.9991E-05 0.734994 0.130059 0.134847
9.9991E-05 0.738297 0.128436 0.133166
9.9991E-05 0.688242 0.159228 0.15243
9.9991E-05 0.732509 0.12821 0.139181
9.9991E-05 0.71774 0.148202 0.133958
0.370945 0.123349 0.481517 0.0241891
0.371129 0.125473 0.478962 0.0244361
0.372104 0.123157 0.480265 0.0244738
0.371832 0.120829 0.482358 0.0249811
0.369753 0.121534 0.480866 0.0278467
0.371815 0.122942 0.481082 0.0241617
0.368473 0.125612 0.477831 0.0280842
0.370726 0.122843 0.480661 0.0257699
0.371003 0.122841 0.481747 0.0244092
0.373224 0.119106 0.483581 0.0240898
0.0905989 9.9991E-05 0.890022 0.0192796
0.0920125 9.9991E-05 0.888999 0.0188887
0.0908415 9.9991E-05 0.899107 0.00995202
0.0893021 9.9991E-05 0.897663 0.0129351
0.0891351 9.9991E-05 0.900573 0.0101921
0.0900745 9.9991E-05 0.893305 0.01652
0.0900553 9.9991E-05 0.890877 0.0189681
0.0922531 9.9991E-05 0.887915 0.0197316
0.0895656 9.9991E-05 0.891683 0.0186516
0.0917515 9.9991E-05 0.889206 0.0189428
0.00991733 0.989883 9.9982E-05 9.9982E-05
0.00958963 0.99021 9.9982E-05 9.9982E-05
9.998E-05 0.9997 9.998E-05 9.998E-05
0.00760536 0.992195 9.9982E-05 9.9982E-05
9.998E-05 0.9997 9.998E-05 9.998E-05
0.00818987 0.99161 9.9982E-05 9.9982E-05
9.998E-05 0.9997 9.998E-05 9.998E-05
9.998E-05 0.9997 9.998E-05 9.998E-05
0.00316265 0.996637 9.9982E-05 9.9982E-05
9.998E-05 0.9997 9.998E-05 9.998E-05
0.0646256 0.934899 0.000375384 9.9991E-05
0.0713412 0.928459 9.9982E-05 9.9982E-05
0.0678219 0.930417 0.00166083 9.9991E-05
0.0650553 0.934745 9.9982E-05 9.9982E-05
0.0649861 0.932231 0.00268307 9.9991E-05
0.0684252 0.93092 0.000554527 9.9991E-05
0.0637835 0.935701 0.00041536 9.9991E-05
0.0659742 0.930215 0.00371104 9.9991E-05
0.0679975 0.931803 9.9982E-05 9.9982E-05
0.0627847 0.931778 0.00533737 9.9991E-05
9.99819E-05 0.23974 0.760061 9.99819E-05
9.99819E-05 0.25959 0.74021 9.99819E-05
9.9982E-05 0.239306 0.760494 9.9982E-05
9.99819E-05 0.242929 0.756871 9.99819E-05
9.99819E-05 0.236022 0.763778 9.99819E-05
9.99819E-05 0.247461 0.752339 9.99819E-05
9.9982E-05 0.262068 0.737732 9.9982E-05
9.99819E-05 0.230496 0.769304 9.99819E-05
9.99819E-05 0.23922 0.76058 9.99819E-05
9.9982E-05 0.245062 0.754738 9.9982E-05
9.998E-05 9.998E-05 0.9997 9.998E-05
9.998E-05 9.998E-05 0.9997 9.998E-05
9.998E-05 9.998E-05 0.9997 9.998E-05
9.998E-05 9.998E-05 0.9997 9.998E-05
9.998E-05 9.998E-05 0.9997 9.998E-05
9.998E-05 9.998E-05 0.9997 9.998E-05
9.998E-05 9.998E-05 0.9997 9.998E-05
9.998E-05 9.998E-05 0.9997 9.998E-05
9.998E-05 9.998E-05 0.9997 9.998E-05
9.998E-05 9.998E-05 0.9997 9.998E-05
