0.803442 9.9991E-05 0.196458
0.798965 9.9991E-05 0.200935
0.797784 9.9991E-05 0.202116
0.797176 9.9991E-05 0.202724
0.802791 9.9991E-05 0.197109
0.803461 9.9991E-05 0.196439
0.788596 9.9991E-05 0.211304
0.803291 9.9991E-05 0.196609
0.801973 9.9991E-05 0.197927
0.797805 9.9991E-05 0.202095
0.954773 9.9991E-05 0.0451271
0.943106 9.9991E-05 0.0567937
0.934894 9.9991E-05 0.0650063
0.946582 9.9991E-05 0.0533176
0.940967 9.9991E-05 0.0589328
0.941135 9.9991E-05 0.058765
0.949307 9.9991E-05 0.0505927
0.951908 9.9991E-05 0.047992
0.949064 9.9991E-05 0.050836
0.945249 9.9991E-05 0.054651
0.9998 9.999E-05 9.999E-05
0.9998 9.999E-05 9.999E-05
0.9998 9.999E-05 9.999E-05
0.9998 9.999E-05 9.999E-05
0.9998 9.999E-05 9.999E-05
0.9998 9.999E-05 9.999E-05
0.9998 9.999E-05 9.999E-05
0.9998 9.999E-05 9.999E-05
0.9998 9.999E-05 9.999E-05
0.9998 9.999E-05 9.999E-05
0.948539 0.051361 9.9991E-05
0.947628 0.0522725 9.9991E-05
0.947738 0.0521625 9.9991E-05
0.948309 0.0515905 9.9991E-05
0.940099 0.0598012 9.9991E-05
0.94105 0.0588504 9.9991E-05
0.94755 0.0523497 9.9991E-05
0.947482 0.052418 9.9991E-05
0.942869 0.0570315 9.9991E-05
0.947944 0.0519562 9.9991E-05
0.73321 9.9991E-05 0.26669
0.715211 9.9991E-05 0.284689
0.714212 9.9991E-05 0.285688
0.71821 9.9991E-05 0.28169
0.677445 9.9991E-05 0.322455
0.715236 9.9991E-05 0.284664
0.694568 9.9991E-05 0.305332
0.731495 9.9991E-05 0.268405
0.731534 9.9991E-05 0.268366
0.728968 9.9991E-05 0.270932
0.820198 9.9991E-05 0.179702
0.818651 9.9991E-05 0.181249
0.809078 9.9991E-05 0.190822
0.822212 0.00615062 0.171637
0.821545 9.9991E-05 0.178355
0.811463 9.9991E-05 0.188437
0.822092 9.9991E-05 0.177808
0.820848 9.9991E-05 0.179052
0.818594 9.9991E-05 0.181306
0.813326 0.00604875 0.180626
0.72072 0.168891 0.110389
0.713615 0.178024 0.108361
0.747368 0.153586 0.0990456
0.730234 0.159062 0.110703
0.702804 0.178394 0.118803
0.715164 0.182985 0.101852
0.730507 0.168503 0.10099
0.719868 0.172158 0.107975
0.727249 0.161772 0.110978
0.727313 0.173738 0.0989491
0.620736 0.379164 9.9991E-05
0.620295 0.379605 9.9991E-05
0.620877 0.379023 9.9991E-05
0.620011 0.379889 9.9991E-05
0.628066 0.371834 9.9991E-05
0.615074 0.384826 9.9991E-05
0.620294 0.379606 9.9991E-05
0.619194 0.380706 9.9991E-05
0.619169 0.380731 9.9991E-05
0.620166 0.379734 9.9991E-05
9.999E-05 9.999E-05 0.9998
9.999E-05 9.999E-05 0.9998
9.999E-05 9.999E-05 0.9998
9.999E-05 9.999E-05 0.9998
9.999E-05 9.999E-05 0.9998
9.999E-05 9.999E-05 0.9998
9.999E-05 9.999E-05 0.9998
9.999E-05 9.999E-05 0.9998
9.999E-05 9.999E-05 0.9998
9.999E-05 9.999E-05 0.9998
0.0630722 0.148475 0.788453
0.0597446 0.12535 0.814905
0.073425 0.141079 0.785496
0.0733153 0.133269 0.793416
0.0741757 0.138117 0.787707
0.0617776 0.130816 0.807407
0.0591251 0.128636 0.812239
0.0790705 0.157666 0.763264
0.0667996 0.128085 0.805115
0.0708216 0.145821 0.783358
0.318287 0.604446 0.0772664
0.320369 0.600817 0.0788139
0.321281 0.604275 0.0744442
0.32134 0.603176 0.0754836
0.320792 0.604076 0.0751319
0.320083 0.603295 0.0766213
0.318758 0.601152 0.0800897
0.318024 0.604514 0.0774622
0.317992 0.605015 0.0769923
0.320461 0.607711 0.0718283
0.0681874 0.931713 9.9991E-05
0.0710029 0.928897 9.9991E-05
0.058221 0.941679 9.9991E-05
0.0607013 0.939199 9.9991E-05
0.059348 0.940552 9.9991E-05
0.0662248 0.933675 9.9991E-05
0.0690604 0.93084 9.9991E-05
0.0700783 0.929822 9.9991E-05
0.0649297 0.93497 9.9991E-05
0.067299 0.932601 9.9991E-05
9.999E-05 9.999E-05 0.9998
9.999E-05 9.999E-05 0.9998
9.999E-05 9.999E-05 0.9998
9.999E-05 9.999E-05 0.9998
9.999E-05 9.999E-05 0.9998
9.999E-05 9.999E-05 0.9998
9.999E-05 9.999E-05 0.9998
9.999E-05 9.999E-05 0.9998
9.999E-05 9.999E-05 0.9998
9.999E-05 9.999E-05 0.9998
0.0126288 0.0532599 0.934111
0.0178791 0.0533366 0.928784
0.0167804 0.0549691 0.928251
0.0134719 0.0543806 0.932148
0.0126342 0.0556223 0.931743
0.0184943 0.0531236 0.928382
0.0133813 0.0530369 0.933582
0.0127454 0.0572652 0.929989
0.0184594 0.0524682 0.929072
0.0121044 0.0586039 0.929292
9.9991E-05 0.732871 0.267029
9.9991E-05 0.713634 0.286266
9.9991E-05 0.732904 0.266996
9.9991E-05 0.73133 0.26857
9.9991E-05 0.737716 0.262184
9.9991E-05 0.724346 0.275554
9.9991E-05 0.710067 0.289833
9.9991E-05 0.742772 0.257128
9.9991E-05 0.731371 0.268529
9.9991E-05 0.72468 0.27522
9.999E-05 0.9998 9.999E-05
9.999E-05 0.9998 9.999E-05
9.999E-05 0.9998 9.999E-05
9.999E-05 0.9998 9.999E-05
9.999E-05 0.9998 9.999E-05
9.999E-05 0.9998 9.999E-05
9.999E-05 0.9998 9.999E-05
9.999E-05 0.9998 9.999E-05
9.999E-05 0.9998 9.999E-05
9.999E-05 0.9998 9.999E-05
