9.997E-05 9.997E-05 9.997E-05 0.9996 9.997E-05
9.997E-05 9.997E-05 9.997E-05 0.9996 9.997E-05
9.997E-05 9.997E-05 9.997E-05 0.9996 9.997E-05
9.997E-05 9.997E-05 9.997E-05 0.9996 9.997E-05
9.997E-05 9.997E-05 9.997E-05 0.9996 9.997E-05
9.997E-05 9.997E-05 9.997E-05 0.9996 9.997E-05
9.997E-05 9.997E-05 9.997E-05 0.9996 9.997E-05
9.997E-05 9.997E-05 9.997E-05 0.9996 9.997E-05
9.997E-05 9.997E-05 9.997E-05 0.9996 9.997E-05
9.997E-05 9.997E-05 9.997E-05 0.9996 9.997E-05
0.334137 9.99729E-05 9.99729E-05 0.665563 9.99729E-05
0.338063 9.99729E-05 9.99729E-05 0.661637 9.99729E-05
0.313037 9.9982E-05 0.00694765 0.679815 9.9982E-05
0.340205 9.99729E-05 9.99729E-05 0.659495 9.99729E-05
0.353023 0.000195379 9.99819E-05 0.646581 9.99819E-05
0.359425 9.99729E-05 9.99729E-05 0.640275 9.99729E-05
0.344409 9.99729E-05 9.99729E-05 0.655291 9.99729E-05
0.34267 9.99729E-05 9.99729E-05 0.65703 9.99729E-05
0.340872 9.99729E-05 9.99729E-05 0.658828 9.99729E-05
0.339943 9.99729E-05 9.99729E-05 0.659757 9.99729E-05
0.850573 9.99729E-05 9.99729E-05 0.149127 9.99729E-05
0.842525 9.99729E-05 9.99729E-05 0.157175 9.99729E-05
0.861449 9.99729E-05 9.99729E-05 0.138251 9.99729E-05
0.855 9.99729E-05 9.99729E-05 0.1447 9.99729E-05
0.857769 9.99729E-05 9.99729E-05 0.141931 9.99729E-05
0.872241 9.99729E-05 9.99729E-05 0.127459 9.99729E-05
0.862896 9.99729E-05 9.99729E-05 0.136804 9.99729E-05
0.874247 9.99729E-05 9.99729E-05 0.125453 9.99729E-05
0.876496 9.99729E-05 9.99729E-05 0.123204 9.99729E-05
0.86422 9.99729E-05 9.99729E-05 0.13548 9.99729E-05
0.993386 9.9973E-05 9.9973E-05 9.9973E-05 0.00631445
0.992408 9.9973E-05 9.9973E-05 9.9973E-05 0.0072921
0.993248 9.9973E-05 9.9973E-05 9.9973E-05 0.00645188
0.99374 9.9973E-05 9.9973E-05 9.9973E-05 0.00596013
0.997298 9.9973E-05 9.9973E-05 9.9973E-05 0.00240235
0.998207 9.9973E-05 9.9973E-05 9.9973E-05 0.00149306
0.993088 9.9973E-05 9.9973E-05 9.9973E-05 0.00661192
0.993868 9.9973E-05 9.9973E-05 9.9973E-05 0.00583199
0.984632 9.9973E-05 9.9973E-05 9.9973E-05 0.0150684
0.994237 9.9973E-05 9.9973E-05 9.9973E-05 0.00546321
9.99729E-05 9.99729E-05 9.99729E-05 0.937737 0.0619635
9.99729E-05 9.99729E-05 9.99729E-05 0.930374 0.0693262
9.99729E-05 9.99729E-05 9.99729E-05 0.930812 0.0688876
9.99729E-05 9.99729E-05 9.99729E-05 0.933111 0.0665887
9.9973E-05 9.9973E-05 9.9973E-05 0.885673 0.114028
9.99729E-05 9.99729E-05 9.99729E-05 0.929289 0.0704111
9.9973E-05 9.9973E-05 9.9973E-05 0.89286 0.10684
9.99729E-05 9.99729E-05 9.99729E-05 0.933788 0.065912
9.99729E-05 9.99729E-05 9.99729E-05 0.93433 0.0653704
9.99729E-05 9.99729E-05 9.99729E-05 0.933806 0.0658946
0.19166 0.0194391 0.0504187 0.72606 0.0124217
0.172855 0.00600483 0.0694997 0.75154 9.9991E-05
0.164471 0.0226745 0.0541913 0.745323 0.0133403
0.229381 0.0278422 0.0822921 0.660384 9.9991E-05
0.169029 0.0151228 0.0600746 0.754931 0.000842129
0.170779 0.00537864 0.0776765 0.745976 0.000189022
0.206899 0.0226917 0.0836015 0.686708 9.9991E-05
0.217222 0.0139547 0.0843808 0.684342 9.9991E-05
0.205286 0.00837616 0.070468 0.710183 0.00568601
0.224622 0.0309998 0.0808437 0.663434 9.9991E-05
0.482242 0.0677541 0.217693 0.232211 9.9991E-05
0.49163 0.0736966 0.217723 0.216851 9.9991E-05
0.440961 0.068914 0.188687 0.301338 9.9991E-05
0.482001 0.0622317 0.214267 0.2414 9.9991E-05
0.486031 0.0788104 0.221024 0.214035 9.9991E-05
0.515575 0.0761067 0.215604 0.192614 9.9991E-05
0.499236 0.0641393 0.219103 0.217422 9.9991E-05
0.481686 0.0706547 0.217927 0.229632 9.9991E-05
0.50147 0.0624814 0.217634 0.218315 9.9991E-05
0.506398 0.0657497 0.217948 0.209805 9.9991E-05
0.820496 0.179204 9.99729E-05 9.99729E-05 9.99729E-05
0.818594 0.181107 9.99729E-05 9.99729E-05 9.99729E-05
0.820277 0.179423 9.99729E-05 9.99729E-05 9.99729E-05
0.820144 0.179556 9.99729E-05 9.99729E-05 9.99729E-05
0.825343 0.174357 9.99729E-05 9.99729E-05 9.99729E-05
0.814576 0.185124 9.99729E-05 9.99729E-05 9.99729E-05
0.819955 0.179745 9.99729E-05 9.99729E-05 9.99729E-05
0.819506 0.180194 9.99729E-05 9.99729E-05 9.99729E-05
0.818606 0.181094 9.99729E-05 9.99729E-05 9.99729E-05
0.819383 0.180317 9.99729E-05 9.99729E-05 9.99729E-05
9.9973E-05 9.9973E-05 0.160804 9.9973E-05 0.838896
9.9982E-05 9.9982E-05 0.156717 0.00355886 0.839524
9.9973E-05 9.9973E-05 0.167943 9.9973E-05 0.831757
9.9982E-05 9.9982E-05 0.157529 0.00394361 0.838327
9.9982E-05 9.9982E-05 0.168701 0.00740606 0.823693
9.9982E-05 9.9982E-05 0.159675 0.00161328 0.838512
9.99729E-05 9.99729E-05 0.173748 9.99729E-05 0.825952
9.99729E-05 9.99729E-05 0.168316 9.99729E-05 0.831384
9.9982E-05 9.9982E-05 0.169809 0.00427813 0.825713
9.9973E-05 9.9973E-05 0.162202 9.9973E-05 0.837499
9.9982E-05 0.108868 0.82416 0.0667725 9.9982E-05
9.9991E-05 0.0928775 0.795122 0.0881001 0.0238008
9.99819E-05 0.107135 0.812567 0.0800983 9.99819E-05
9.9982E-05 0.0970391 0.795577 0.107184 9.9982E-05
9.9991E-05 0.108816 0.788015 0.0982962 0.00477294
9.9991E-05 0.0962436 0.816085 0.0814103 0.00616064
9.9991E-05 0.0949849 0.807215 0.0813237 0.0163761
9.99819E-05 0.118261 0.793089 0.0884503 9.99819E-05
9.9991E-05 0.0967261 0.806253 0.0861129 0.0108084
9.99819E-05 0.11136 0.813701 0.0747395 9.99819E-05
0.382454 0.461632 0.0823904 0.00648444 0.0670388
0.382668 0.458332 0.0818634 0.00852771 0.0686089
0.384715 0.460819 0.0809247 0.00701715 0.0665237
0.382749 0.462089 0.0804178 0.00755108 0.0671931
0.379801 0.462465 0.0821238 0.00979187 0.0658186
0.382091 0.460483 0.0809145 0.00786347 0.068648
0.379179 0.460501 0.085531 0.00967053 0.0651189
0.383578 0.461371 0.0810949 0.00617875 0.067778
0.383417 0.461695 0.0803777 0.00610525 0.068405
0.383408 0.465288 0.0803916 0.00760104 0.0633111
0.0964281 0.885838 9.99819E-05 0.0175344 9.99819E-05
0.0984014 0.883074 9.99819E-05 0.018325 9.99819E-05
0.0955741 0.895586 9.99819E-05 0.00864006 9.99819E-05
0.0962094 0.892887 9.99819E-05 0.010704 9.99819E-05
0.0946438 0.895073 9.99819E-05 0.0100833 9.99819E-05
0.096022 0.886339 9.99819E-05 0.0174386 9.99819E-05
0.0974344 0.88473 9.99819E-05 0.0176356 9.99819E-05
0.0975499 0.883377 9.99819E-05 0.0188734 9.99819E-05
0.095697 0.887043 9.99819E-05 0.0170597 9.99819E-05
0.0966973 0.885511 9.99819E-05 0.0175921 9.99819E-05
9.997E-05 9.997E-05 0.9996 9.997E-05 9.997E-05
9.997E-05 9.997E-05 0.9996 9.997E-05 9.997E-05
9.997E-05 9.997E-05 0.9996 9.997E-05 9.997E-05
9.997E-05 9.997E-05 0.9996 9.997E-05 9.997E-05
9.9973E-05 9.9973E-05 0.98389 9.9973E-05 0.01581
9.997E-05 9.997E-05 0.9996 9.997E-05 9.997E-05
9.997E-05 9.997E-05 0.9996 9.997E-05 9.997E-05
9.997E-05 9.997E-05 0.9996 9.997E-05 9.997E-05
9.997E-05 9.997E-05 0.9996 9.997E-05 9.997E-05
9.99729E-05 9.99729E-05 0.874662 9.99729E-05 0.125038
0.01773 9.9973E-05 9.9973E-05 9.9973E-05 0.98197
0.0208715 9.9973E-05 9.9973E-05 9.9973E-05 0.978829
0.0205224 9.9973E-05 9.9973E-05 9.9973E-05 0.979178
0.0188644 9.9973E-05 9.9973E-05 9.9973E-05 0.980836
0.0190503 9.9973E-05 9.9973E-05 9.9973E-05 0.98065
0.0212539 9.9973E-05 9.9973E-05 9.9973E-05 0.978446
0.0195537 9.9973E-05 9.9973E-05 9.9973E-05 0.980146
0.0247132 9.9973E-05 9.9973E-05 9.9973E-05 0.974987
0.0208784 9.9973E-05 9.9973E-05 9.9973E-05 0.978822
0.0245486 9.9973E-05 9.9973E-05 9.9973E-05 0.975151
9.99819E-05 0.759525 0.0872695 9.99819E-05 0.153006
9.99819E-05 0.738484 0.0975539 9.99819E-05 0.163762
9.9982E-05 0.760743 0.0871878 9.9982E-05 0.151869
9.99819E-05 0.757096 0.094414 9.99819E-05 0.14829
9.99819E-05 0.764425 0.0912694 9.99819E-05 0.144106
9.99819E-05 0.752157 0.0919834 9.99819E-05 0.15566
9.99819E-05 0.737318 0.102336 9.99819E-05 0.160146
9.99819E-05 0.768615 0.0884769 9.99819E-05 0.142708
9.99819E-05 0.759357 0.0871332 9.99819E-05 0.15331
9.9982E-05 0.755191 0.0938603 9.9982E-05 0.150748
9.997E-05 0.9996 9.997E-05 9.997E-05 9.997E-05
9.997E-05 0.9996 9.997E-05 9.997E-05 9.997E-05
9.997E-05 0.9996 9.997E-05 9.997E-05 9.997E-05
9.997E-05 0.9996 9.997E-05 9.997E-05 9.997E-05
9.997E-05 0.9996 9.997E-05 9.997E-05 9.997E-05
9.997E-05 0.9996 9.997E-05 9.997E-05 9.997E-05
9.997E-05 0.9996 9.997E-05 9.997E-05 9.997E-05
9.997E-05 0.9996 9.997E-05 9.997E-05 9.997E-05
9.997E-05 0.9996 9.997E-05 9.997E-05 9.997E-05
9.997E-05 0.9996 9.997E-05 9.997E-05 9.997E-05
